Warning: 500 points required, but 529 points sampled.
Compiling model...
'compile' took 0.000438 s

Training model...

Step      Train loss              Test loss               Test metric
0         [1.03e+01, 2.48e-01]    [9.79e+00, 2.32e-01]    []  
1000      [4.96e-03, 6.46e-03]    [5.46e-03, 7.20e-03]    []  
2000      [4.06e-03, 4.97e-03]    [4.68e-03, 5.06e-03]    []  
3000      [3.53e-03, 4.49e-03]    [3.64e-03, 4.73e-03]    []  
4000      [2.95e-03, 3.00e-03]    [3.78e-03, 3.70e-03]    []  
5000      [5.45e-03, 3.52e-03]    [4.88e-03, 3.42e-03]    []  
6000      [3.16e-03, 2.83e-03]    [3.08e-03, 2.61e-03]    []  
7000      [2.68e-03, 2.35e-03]    [2.51e-03, 2.23e-03]    []  
8000      [2.11e-03, 1.70e-03]    [2.30e-03, 1.71e-03]    []  
9000      [2.64e-03, 2.96e-03]    [2.25e-03, 1.86e-03]    []  
10000     [2.95e-03, 2.58e-03]    [1.87e-03, 1.73e-03]    []  
11000     [1.58e-03, 1.15e-03]    [2.17e-03, 1.46e-03]    []  
12000     [2.95e-03, 2.38e-03]    [1.94e-03, 1.26e-03]    []  
13000     [1.95e-03, 1.55e-03]    [1.72e-03, 1.09e-03]    []  
14000     [1.74e-03, 1.25e-03]    [1.73e-03, 9.83e-04]    []  
15000     [1.90e-03, 1.53e-03]    [1.65e-03, 1.22e-03]    []  
16000     [2.00e-03, 1.30e-03]    [1.66e-03, 9.58e-04]    []  
17000     [1.23e-03, 8.31e-04]    [1.49e-03, 9.54e-04]    []  
18000     [1.43e-03, 8.04e-04]    [1.33e-03, 7.53e-04]    []  
19000     [1.37e-03, 7.05e-04]    [1.31e-03, 6.83e-04]    []  
20000     [1.35e-03, 1.12e-03]    [1.10e-03, 7.45e-04]    []  
21000     [1.54e-03, 1.19e-03]    [1.19e-03, 6.71e-04]    []  
22000     [1.74e-03, 1.28e-03]    [1.11e-03, 6.79e-04]    []  
23000     [1.61e-03, 9.76e-04]    [1.05e-03, 6.21e-04]    []  
24000     [1.70e-03, 1.11e-03]    [1.20e-03, 6.09e-04]    []  
25000     [6.58e-04, 3.68e-04]    [1.05e-03, 5.71e-04]    []  
26000     [1.35e-03, 9.13e-04]    [1.00e-03, 5.57e-04]    []  
27000     [1.20e-03, 6.35e-04]    [9.33e-04, 4.56e-04]    []  
28000     [1.20e-03, 1.06e-03]    [1.06e-03, 4.28e-04]    []  
29000     [7.53e-04, 3.40e-04]    [9.76e-04, 4.72e-04]    []  
30000     [1.15e-03, 6.76e-04]    [8.80e-04, 4.09e-04]    []  
31000     [1.14e-03, 7.39e-04]    [8.96e-04, 3.95e-04]    []  
32000     [7.29e-04, 3.90e-04]    [8.28e-04, 4.16e-04]    []  
33000     [7.45e-04, 4.95e-04]    [8.96e-04, 4.22e-04]    []  
34000     [6.42e-04, 3.57e-04]    [8.09e-04, 3.88e-04]    []  
35000     [1.38e-03, 1.07e-03]    [1.19e-03, 6.75e-04]    []  
36000     [8.37e-04, 5.11e-04]    [7.63e-04, 3.48e-04]    []  
37000     [8.68e-04, 6.09e-04]    [7.46e-04, 3.97e-04]    []  
38000     [1.08e-03, 7.86e-04]    [8.63e-04, 3.68e-04]    []  
39000     [1.17e-03, 8.37e-04]    [7.63e-04, 4.21e-04]    []  
40000     [1.09e-03, 8.29e-04]    [7.48e-04, 3.65e-04]    []  
41000     [7.71e-04, 5.31e-04]    [7.65e-04, 3.42e-04]    []  
42000     [9.94e-04, 4.64e-04]    [7.73e-04, 3.28e-04]    []  
43000     [8.70e-04, 4.21e-04]    [7.76e-04, 3.59e-04]    []  
44000     [8.67e-04, 4.25e-04]    [7.58e-04, 3.04e-04]    []  
45000     [7.58e-04, 5.13e-04]    [7.87e-04, 3.10e-04]    []  
46000     [1.00e-03, 4.77e-04]    [7.23e-04, 2.66e-04]    []  
47000     [6.25e-04, 3.41e-04]    [6.51e-04, 3.12e-04]    []  
48000     [7.28e-04, 3.32e-04]    [7.64e-04, 2.97e-04]    []  
49000     [1.46e-03, 1.01e-03]    [6.96e-04, 2.86e-04]    []  
50000     [5.99e-04, 2.60e-04]    [1.02e-03, 3.01e-04]    []  
51000     [8.31e-04, 4.60e-04]    [6.31e-04, 2.84e-04]    []  
52000     [7.90e-04, 5.92e-04]    [6.26e-04, 2.65e-04]    []  
53000     [9.36e-04, 6.10e-04]    [6.51e-04, 2.82e-04]    []  
54000     [6.53e-04, 2.51e-04]    [8.76e-04, 2.49e-04]    []  
55000     [7.26e-04, 4.33e-04]    [6.54e-04, 2.93e-04]    []  
56000     [7.15e-04, 4.36e-04]    [6.44e-04, 3.08e-04]    []  
57000     [5.87e-04, 4.68e-04]    [6.53e-04, 2.73e-04]    []  
58000     [7.91e-04, 2.95e-04]    [8.14e-04, 2.65e-04]    []  
59000     [3.92e-04, 1.69e-04]    [7.15e-04, 2.57e-04]    []  
60000     [6.42e-04, 3.41e-04]    [7.52e-04, 2.60e-04]    []  
61000     [8.11e-04, 4.94e-04]    [6.51e-04, 2.45e-04]    []  
62000     [6.89e-04, 4.72e-04]    [7.85e-04, 2.78e-04]    []  
63000     [9.49e-04, 7.56e-04]    [7.39e-04, 2.65e-04]    []  
64000     [9.11e-04, 6.81e-04]    [6.58e-04, 2.64e-04]    []  
65000     [8.35e-04, 2.56e-04]    [8.84e-04, 2.58e-04]    []  
66000     [5.09e-04, 2.69e-04]    [6.70e-04, 2.33e-04]    []  
67000     [6.08e-04, 3.47e-04]    [6.67e-04, 2.41e-04]    []  
68000     [7.01e-04, 3.38e-04]    [6.84e-04, 2.45e-04]    []  
69000     [5.33e-04, 2.91e-04]    [6.81e-04, 2.26e-04]    []  
70000     [7.05e-04, 3.28e-04]    [7.05e-04, 2.31e-04]    []  
71000     [2.73e-04, 9.19e-05]    [6.82e-04, 2.44e-04]    []  
72000     [8.12e-04, 5.70e-04]    [8.46e-04, 2.70e-04]    []  
73000     [3.87e-04, 1.89e-04]    [6.64e-04, 2.43e-04]    []  
74000     [7.44e-04, 3.20e-04]    [7.08e-04, 2.35e-04]    []  
75000     [4.59e-04, 1.81e-04]    [7.34e-04, 2.56e-04]    []  
76000     [3.91e-04, 1.87e-04]    [6.77e-04, 2.21e-04]    []  
77000     [5.99e-04, 3.66e-04]    [7.30e-04, 2.22e-04]    []  
78000     [7.77e-04, 3.34e-04]    [7.29e-04, 2.56e-04]    []  
79000     [6.42e-04, 2.47e-04]    [6.23e-04, 2.45e-04]    []  
80000     [6.92e-04, 4.10e-04]    [6.85e-04, 2.33e-04]    []  
81000     [4.65e-04, 2.22e-04]    [6.80e-04, 2.46e-04]    []  
82000     [6.49e-04, 3.93e-04]    [6.97e-04, 2.41e-04]    []  
83000     [5.13e-04, 3.18e-04]    [6.42e-04, 2.28e-04]    []  
84000     [8.38e-04, 3.10e-04]    [7.18e-04, 2.07e-04]    []  
85000     [5.95e-04, 2.31e-04]    [6.68e-04, 2.26e-04]    []  
86000     [8.47e-04, 5.01e-04]    [6.73e-04, 2.19e-04]    []  
87000     [6.92e-04, 4.26e-04]    [6.29e-04, 2.34e-04]    []  
88000     [6.16e-04, 3.79e-04]    [6.99e-04, 2.13e-04]    []  
89000     [5.52e-04, 2.61e-04]    [6.45e-04, 2.21e-04]    []  
90000     [5.57e-04, 2.63e-04]    [7.02e-04, 2.39e-04]    []  
91000     [7.78e-04, 5.00e-04]    [6.31e-04, 2.24e-04]    []  
92000     [4.32e-04, 1.36e-04]    [7.95e-04, 2.29e-04]    []  
93000     [6.00e-04, 4.69e-04]    [6.20e-04, 2.10e-04]    []  
94000     [6.76e-04, 4.22e-04]    [6.98e-04, 2.38e-04]    []  
95000     [7.07e-04, 3.84e-04]    [6.52e-04, 2.04e-04]    []  
96000     [5.86e-04, 2.92e-04]    [6.65e-04, 2.06e-04]    []  
97000     [5.53e-04, 3.13e-04]    [6.45e-04, 2.03e-04]    []  
98000     [5.22e-04, 2.23e-04]    [6.18e-04, 2.28e-04]    []  
99000     [5.55e-04, 1.98e-04]    [6.48e-04, 1.83e-04]    []  
100000    [6.52e-04, 2.25e-04]    [6.24e-04, 2.51e-04]    []  

Best model at step 71000:
  train loss: 3.65e-04
  test loss: 9.27e-04
  test metric: []

'train' took 1661.484769 s

argv: main.py --ZCS --seed 2
== ERRORS ==
* Relative data error: 0.07725714892148972
* Absolute PDE error: 0.0006602546200156212
== GPU MEMORY ==
* Peak during training: 357.697536 MB
* PDE graph during validation: 199.442944 MB
== WALL TIME ==
* Total: 1618.1367876529694
* Prep inputs: 120.39722347259521
* Forward: 96.3756697177887
* Losses: 737.7302424907684
* Backprop: 663.633651971817
* PDE function: 698.5585372447968
