Warning: 500 points required, but 529 points sampled.
Compiling model...
'compile' took 0.000471 s

Training model...

Step      Train loss              Test loss               Test metric
0         [2.59e+00, 1.36e-01]    [4.37e+00, 2.06e-01]    []  
1000      [5.30e-03, 6.60e-03]    [6.64e-03, 9.42e-03]    []  
2000      [5.10e-03, 8.94e-03]    [4.96e-03, 8.10e-03]    []  
3000      [6.93e-03, 1.04e-02]    [6.60e-03, 1.06e-02]    []  
4000      [3.30e-03, 5.80e-03]    [4.43e-03, 6.79e-03]    []  
5000      [2.93e-03, 2.95e-03]    [4.54e-03, 5.01e-03]    []  
6000      [4.73e-03, 3.04e-03]    [5.64e-03, 3.78e-03]    []  
7000      [3.23e-03, 3.52e-03]    [3.25e-03, 3.08e-03]    []  
8000      [1.91e-03, 1.58e-03]    [3.06e-03, 2.76e-03]    []  
9000      [2.42e-03, 1.43e-03]    [3.75e-03, 2.13e-03]    []  
10000     [1.95e-03, 1.51e-03]    [2.96e-03, 2.25e-03]    []  
11000     [2.46e-03, 2.27e-03]    [2.56e-03, 2.08e-03]    []  
12000     [1.63e-03, 1.45e-03]    [2.23e-03, 2.32e-03]    []  
13000     [2.23e-03, 1.78e-03]    [2.47e-03, 1.84e-03]    []  
14000     [1.61e-03, 1.28e-03]    [2.23e-03, 1.77e-03]    []  
15000     [1.20e-03, 5.55e-04]    [2.38e-03, 1.76e-03]    []  
16000     [1.27e-03, 7.17e-04]    [2.24e-03, 1.47e-03]    []  
17000     [1.93e-03, 1.36e-03]    [2.28e-03, 1.57e-03]    []  
18000     [2.14e-03, 1.67e-03]    [2.09e-03, 1.44e-03]    []  
19000     [2.00e-03, 1.64e-03]    [2.06e-03, 1.44e-03]    []  
20000     [1.32e-03, 8.31e-04]    [1.99e-03, 1.57e-03]    []  
21000     [1.16e-03, 6.40e-04]    [1.86e-03, 1.37e-03]    []  
22000     [1.82e-03, 1.29e-03]    [2.59e-03, 1.24e-03]    []  
23000     [1.32e-03, 8.50e-04]    [1.96e-03, 1.17e-03]    []  
24000     [1.02e-03, 8.81e-04]    [1.78e-03, 1.21e-03]    []  
25000     [1.43e-03, 1.30e-03]    [1.73e-03, 1.18e-03]    []  
26000     [1.18e-03, 6.23e-04]    [1.83e-03, 1.30e-03]    []  
27000     [1.52e-03, 1.19e-03]    [1.68e-03, 1.07e-03]    []  
28000     [1.20e-03, 6.47e-04]    [1.57e-03, 1.07e-03]    []  
29000     [8.86e-04, 5.68e-04]    [1.50e-03, 1.03e-03]    []  
30000     [9.69e-04, 5.08e-04]    [1.49e-03, 1.05e-03]    []  
31000     [9.59e-04, 4.28e-04]    [1.96e-03, 1.02e-03]    []  
32000     [1.20e-03, 9.36e-04]    [1.50e-03, 1.01e-03]    []  
33000     [8.61e-04, 5.37e-04]    [1.39e-03, 9.16e-04]    []  
34000     [6.94e-04, 3.40e-04]    [1.56e-03, 8.86e-04]    []  
35000     [1.34e-03, 9.90e-04]    [1.26e-03, 8.34e-04]    []  
36000     [8.80e-04, 6.81e-04]    [1.25e-03, 8.53e-04]    []  
37000     [1.20e-03, 8.71e-04]    [1.25e-03, 8.75e-04]    []  
38000     [7.16e-04, 4.17e-04]    [1.32e-03, 7.83e-04]    []  
39000     [1.31e-03, 8.91e-04]    [1.50e-03, 8.50e-04]    []  
40000     [6.66e-04, 2.95e-04]    [1.36e-03, 7.69e-04]    []  
41000     [7.10e-04, 4.71e-04]    [1.24e-03, 8.71e-04]    []  
42000     [7.84e-04, 4.74e-04]    [1.14e-03, 8.11e-04]    []  
43000     [1.29e-03, 1.15e-03]    [1.21e-03, 7.65e-04]    []  
44000     [1.24e-03, 8.72e-04]    [1.29e-03, 7.18e-04]    []  
45000     [7.51e-04, 5.83e-04]    [1.21e-03, 7.24e-04]    []  
46000     [6.86e-04, 2.94e-04]    [1.13e-03, 6.98e-04]    []  
47000     [9.03e-04, 6.17e-04]    [1.09e-03, 7.04e-04]    []  
48000     [8.25e-04, 4.18e-04]    [1.63e-03, 6.88e-04]    []  
49000     [1.27e-03, 8.87e-04]    [1.11e-03, 7.06e-04]    []  
50000     [6.98e-04, 3.34e-04]    [1.23e-03, 6.52e-04]    []  
51000     [3.48e-04, 1.56e-04]    [1.06e-03, 6.66e-04]    []  
52000     [6.82e-04, 2.93e-04]    [1.21e-03, 6.89e-04]    []  
53000     [7.43e-04, 4.76e-04]    [1.05e-03, 7.00e-04]    []  
54000     [5.80e-04, 2.60e-04]    [1.19e-03, 6.37e-04]    []  
55000     [5.99e-04, 2.38e-04]    [1.19e-03, 6.61e-04]    []  
56000     [8.56e-04, 6.04e-04]    [9.74e-04, 6.81e-04]    []  
57000     [7.72e-04, 4.71e-04]    [1.08e-03, 6.68e-04]    []  
58000     [6.93e-04, 4.57e-04]    [1.06e-03, 6.59e-04]    []  
59000     [8.59e-04, 6.25e-04]    [1.09e-03, 6.64e-04]    []  
60000     [8.37e-04, 3.79e-04]    [1.11e-03, 6.12e-04]    []  
61000     [7.18e-04, 3.98e-04]    [1.06e-03, 6.09e-04]    []  
62000     [1.07e-03, 6.55e-04]    [1.05e-03, 6.27e-04]    []  
63000     [7.69e-04, 5.50e-04]    [1.11e-03, 5.96e-04]    []  
64000     [7.00e-04, 3.52e-04]    [9.65e-04, 6.20e-04]    []  
65000     [5.25e-04, 2.59e-04]    [1.13e-03, 5.78e-04]    []  
66000     [7.58e-04, 3.66e-04]    [9.86e-04, 5.88e-04]    []  
67000     [4.73e-04, 2.73e-04]    [9.46e-04, 5.95e-04]    []  
68000     [5.97e-04, 2.74e-04]    [1.12e-03, 5.91e-04]    []  
69000     [6.20e-04, 2.32e-04]    [1.10e-03, 6.32e-04]    []  
70000     [4.69e-04, 2.48e-04]    [9.57e-04, 5.79e-04]    []  
71000     [5.21e-04, 2.87e-04]    [1.01e-03, 5.73e-04]    []  
72000     [5.42e-04, 2.75e-04]    [9.67e-04, 5.48e-04]    []  
73000     [8.06e-04, 7.17e-04]    [8.94e-04, 5.95e-04]    []  
74000     [3.04e-04, 9.23e-05]    [9.68e-04, 5.42e-04]    []  
75000     [4.42e-04, 2.02e-04]    [9.31e-04, 5.54e-04]    []  
76000     [8.52e-04, 5.84e-04]    [9.60e-04, 5.51e-04]    []  
77000     [5.21e-04, 2.23e-04]    [9.16e-04, 5.32e-04]    []  
78000     [6.30e-04, 3.37e-04]    [9.13e-04, 5.32e-04]    []  
79000     [7.63e-04, 4.36e-04]    [9.78e-04, 5.79e-04]    []  
80000     [4.37e-04, 2.51e-04]    [9.16e-04, 5.20e-04]    []  
81000     [5.16e-04, 2.74e-04]    [9.24e-04, 5.03e-04]    []  
82000     [4.81e-04, 2.45e-04]    [9.26e-04, 5.42e-04]    []  
83000     [5.15e-04, 2.24e-04]    [9.27e-04, 5.20e-04]    []  
84000     [6.74e-04, 5.94e-04]    [8.70e-04, 5.35e-04]    []  
85000     [7.57e-04, 6.24e-04]    [8.79e-04, 4.93e-04]    []  
86000     [5.79e-04, 4.01e-04]    [9.74e-04, 5.45e-04]    []  
87000     [6.15e-04, 3.36e-04]    [9.86e-04, 5.18e-04]    []  
88000     [7.27e-04, 3.37e-04]    [1.07e-03, 5.18e-04]    []  
89000     [4.56e-04, 2.98e-04]    [9.57e-04, 5.11e-04]    []  
90000     [5.56e-04, 3.29e-04]    [9.57e-04, 4.94e-04]    []  
91000     [6.21e-04, 5.48e-04]    [8.32e-04, 4.66e-04]    []  
92000     [5.87e-04, 3.06e-04]    [8.52e-04, 5.00e-04]    []  
93000     [5.76e-04, 3.74e-04]    [8.04e-04, 4.85e-04]    []  
94000     [5.27e-04, 2.57e-04]    [8.28e-04, 4.73e-04]    []  
95000     [7.60e-04, 5.18e-04]    [8.12e-04, 4.93e-04]    []  
96000     [5.43e-04, 3.21e-04]    [8.17e-04, 4.67e-04]    []  
97000     [4.34e-04, 1.93e-04]    [8.24e-04, 4.73e-04]    []  
98000     [7.80e-04, 6.68e-04]    [7.79e-04, 4.90e-04]    []  
99000     [5.62e-04, 3.49e-04]    [8.12e-04, 4.53e-04]    []  
100000    [7.50e-04, 5.29e-04]    [8.05e-04, 4.59e-04]    []  

Best model at step 74000:
  train loss: 3.97e-04
  test loss: 1.51e-03
  test metric: []

'train' took 1657.848545 s

argv: main.py --ZCS --seed 1
== ERRORS ==
* Relative data error: 0.07150092720985413
* Absolute PDE error: 0.0004922322696074843
== GPU MEMORY ==
* Peak during training: 357.697536 MB
* PDE graph during validation: 199.442944 MB
== WALL TIME ==
* Total: 1614.57870388031
* Prep inputs: 119.09788990020752
* Forward: 93.20673489570618
* Losses: 737.9285433292389
* Backprop: 664.3455357551575
* PDE function: 699.6578953266144
