Warning: 500 points required, but 529 points sampled.
Compiling model...
'compile' took 0.000360 s

Training model...

Step      Train loss              Test loss               Test metric
0         [1.30e+00, 1.82e-01]    [2.11e+00, 2.10e-01]    []  
1000      [5.58e-03, 7.13e-03]    [4.74e-03, 6.80e-03]    []  
2000      [7.22e-03, 5.70e-03]    [5.48e-03, 5.07e-03]    []  
3000      [3.12e-03, 3.88e-03]    [4.13e-03, 5.39e-03]    []  
4000      [4.60e-03, 6.07e-03]    [3.51e-03, 4.36e-03]    []  
5000      [3.52e-03, 2.63e-03]    [4.93e-03, 4.47e-03]    []  
6000      [2.70e-03, 2.52e-03]    [3.05e-03, 2.94e-03]    []  
7000      [2.54e-03, 2.97e-03]    [2.60e-03, 2.66e-03]    []  
8000      [2.23e-03, 1.56e-03]    [2.81e-03, 1.94e-03]    []  
9000      [1.70e-03, 1.18e-03]    [2.30e-03, 1.75e-03]    []  
10000     [3.25e-03, 3.25e-03]    [2.20e-03, 2.07e-03]    []  
11000     [1.96e-03, 1.27e-03]    [2.07e-03, 1.56e-03]    []  
12000     [2.10e-03, 1.06e-03]    [2.23e-03, 1.42e-03]    []  
13000     [1.83e-03, 1.27e-03]    [2.34e-03, 1.49e-03]    []  
14000     [1.38e-03, 9.98e-04]    [2.13e-03, 1.46e-03]    []  
15000     [1.11e-03, 8.03e-04]    [1.59e-03, 1.36e-03]    []  
16000     [1.01e-03, 5.65e-04]    [1.64e-03, 1.16e-03]    []  
17000     [1.82e-03, 1.27e-03]    [1.87e-03, 1.10e-03]    []  
18000     [1.16e-03, 5.99e-04]    [1.77e-03, 1.06e-03]    []  
19000     [1.27e-03, 8.72e-04]    [1.57e-03, 1.05e-03]    []  
20000     [1.59e-03, 1.03e-03]    [1.96e-03, 1.27e-03]    []  
21000     [1.07e-03, 7.65e-04]    [1.43e-03, 9.69e-04]    []  
22000     [1.50e-03, 1.15e-03]    [1.31e-03, 9.77e-04]    []  
23000     [7.70e-04, 3.14e-04]    [1.66e-03, 8.29e-04]    []  
24000     [1.08e-03, 6.04e-04]    [1.41e-03, 8.23e-04]    []  
25000     [1.06e-03, 6.79e-04]    [1.35e-03, 8.25e-04]    []  
26000     [1.03e-03, 7.12e-04]    [1.44e-03, 8.63e-04]    []  
27000     [9.25e-04, 6.09e-04]    [1.27e-03, 7.79e-04]    []  
28000     [1.39e-03, 7.89e-04]    [1.43e-03, 7.47e-04]    []  
29000     [7.70e-04, 3.03e-04]    [1.26e-03, 7.08e-04]    []  
30000     [1.11e-03, 7.79e-04]    [1.23e-03, 7.00e-04]    []  
31000     [7.15e-04, 3.45e-04]    [1.21e-03, 7.26e-04]    []  
32000     [8.61e-04, 4.25e-04]    [1.25e-03, 6.96e-04]    []  
33000     [1.05e-03, 9.15e-04]    [1.30e-03, 6.81e-04]    []  
34000     [1.05e-03, 7.42e-04]    [1.21e-03, 6.75e-04]    []  
35000     [8.89e-04, 6.49e-04]    [1.24e-03, 6.37e-04]    []  
36000     [7.03e-04, 4.23e-04]    [1.11e-03, 6.20e-04]    []  
37000     [1.28e-03, 9.91e-04]    [1.31e-03, 6.60e-04]    []  
38000     [5.39e-04, 2.59e-04]    [1.12e-03, 6.19e-04]    []  
39000     [7.02e-04, 4.02e-04]    [1.25e-03, 6.86e-04]    []  
40000     [8.66e-04, 4.83e-04]    [1.33e-03, 5.74e-04]    []  
41000     [9.53e-04, 5.12e-04]    [1.27e-03, 6.20e-04]    []  
42000     [8.79e-04, 6.17e-04]    [1.42e-03, 6.18e-04]    []  
43000     [6.68e-04, 4.16e-04]    [1.06e-03, 6.33e-04]    []  
44000     [7.96e-04, 3.98e-04]    [1.23e-03, 5.91e-04]    []  
45000     [6.21e-04, 2.44e-04]    [1.18e-03, 5.49e-04]    []  
46000     [6.14e-04, 3.72e-04]    [1.10e-03, 5.61e-04]    []  
47000     [7.82e-04, 5.13e-04]    [1.21e-03, 5.49e-04]    []  
48000     [7.81e-04, 5.66e-04]    [1.09e-03, 5.56e-04]    []  
49000     [3.68e-04, 1.56e-04]    [1.08e-03, 6.15e-04]    []  
50000     [9.78e-04, 6.46e-04]    [1.12e-03, 5.48e-04]    []  
51000     [8.04e-04, 3.91e-04]    [1.16e-03, 5.44e-04]    []  
52000     [1.02e-03, 7.66e-04]    [1.17e-03, 5.23e-04]    []  
53000     [1.13e-03, 6.76e-04]    [1.16e-03, 5.13e-04]    []  
54000     [8.59e-04, 5.27e-04]    [1.09e-03, 5.09e-04]    []  
55000     [4.98e-04, 1.92e-04]    [1.15e-03, 5.06e-04]    []  
56000     [6.70e-04, 4.00e-04]    [1.13e-03, 5.02e-04]    []  
57000     [6.26e-04, 2.72e-04]    [1.18e-03, 5.40e-04]    []  
58000     [7.77e-04, 2.40e-04]    [1.30e-03, 6.05e-04]    []  
59000     [5.63e-04, 3.12e-04]    [1.11e-03, 5.11e-04]    []  
60000     [9.45e-04, 5.32e-04]    [1.10e-03, 5.15e-04]    []  
61000     [7.13e-04, 3.16e-04]    [1.18e-03, 5.28e-04]    []  
62000     [4.42e-04, 2.63e-04]    [1.13e-03, 5.03e-04]    []  
63000     [5.03e-04, 2.36e-04]    [1.09e-03, 4.93e-04]    []  
64000     [6.85e-04, 4.48e-04]    [1.14e-03, 4.84e-04]    []  
65000     [4.26e-04, 1.71e-04]    [1.20e-03, 4.88e-04]    []  
66000     [5.49e-04, 2.53e-04]    [1.09e-03, 5.07e-04]    []  
67000     [6.31e-04, 3.92e-04]    [1.05e-03, 5.05e-04]    []  
68000     [1.19e-03, 8.90e-04]    [1.06e-03, 4.63e-04]    []  
69000     [8.78e-04, 5.50e-04]    [1.11e-03, 4.66e-04]    []  
70000     [9.67e-04, 5.35e-04]    [1.07e-03, 4.58e-04]    []  
71000     [7.21e-04, 3.65e-04]    [1.08e-03, 4.41e-04]    []  
72000     [7.08e-04, 5.85e-04]    [1.11e-03, 5.74e-04]    []  
73000     [5.89e-04, 2.96e-04]    [1.05e-03, 4.85e-04]    []  
74000     [4.35e-04, 1.50e-04]    [1.06e-03, 4.59e-04]    []  
75000     [7.77e-04, 4.90e-04]    [1.04e-03, 5.01e-04]    []  
76000     [3.90e-04, 2.47e-04]    [1.09e-03, 4.64e-04]    []  
77000     [5.90e-04, 3.46e-04]    [9.77e-04, 4.82e-04]    []  
78000     [7.68e-04, 4.39e-04]    [9.89e-04, 4.82e-04]    []  
79000     [6.50e-04, 5.72e-04]    [1.07e-03, 4.73e-04]    []  
80000     [9.40e-04, 4.99e-04]    [1.01e-03, 5.23e-04]    []  
81000     [8.06e-04, 3.90e-04]    [1.04e-03, 4.48e-04]    []  
82000     [5.30e-04, 2.87e-04]    [1.01e-03, 4.71e-04]    []  
83000     [9.00e-04, 5.98e-04]    [1.03e-03, 4.47e-04]    []  
84000     [4.38e-04, 2.53e-04]    [9.56e-04, 4.74e-04]    []  
85000     [6.41e-04, 2.90e-04]    [9.94e-04, 4.63e-04]    []  
86000     [3.89e-04, 1.18e-04]    [9.77e-04, 4.45e-04]    []  
87000     [5.76e-04, 3.17e-04]    [9.58e-04, 4.59e-04]    []  
88000     [6.06e-04, 2.89e-04]    [9.66e-04, 4.54e-04]    []  
89000     [2.92e-04, 1.13e-04]    [9.22e-04, 4.56e-04]    []  
90000     [7.27e-04, 3.98e-04]    [9.34e-04, 4.42e-04]    []  
91000     [6.97e-04, 3.86e-04]    [8.97e-04, 4.44e-04]    []  
92000     [6.97e-04, 5.29e-04]    [9.69e-04, 4.56e-04]    []  
93000     [7.50e-04, 4.07e-04]    [9.20e-04, 4.26e-04]    []  
94000     [5.08e-04, 2.54e-04]    [9.16e-04, 4.28e-04]    []  
95000     [6.50e-04, 2.30e-04]    [9.45e-04, 4.42e-04]    []  
96000     [5.30e-04, 2.79e-04]    [8.90e-04, 4.31e-04]    []  
97000     [3.82e-04, 1.59e-04]    [9.18e-04, 4.33e-04]    []  
98000     [5.27e-04, 3.30e-04]    [9.64e-04, 4.30e-04]    []  
99000     [4.75e-04, 2.08e-04]    [9.71e-04, 4.18e-04]    []  
100000    [6.78e-04, 4.86e-04]    [9.21e-04, 4.19e-04]    []  

Best model at step 89000:
  train loss: 4.05e-04
  test loss: 1.38e-03
  test metric: []

'train' took 32468.294831 s

argv: main.py --seed 0
== ERRORS ==
* Relative data error: 0.07529793679714203
* Absolute PDE error: 0.0007581014651805162
== GPU MEMORY ==
* Peak during training: 7910.964224 MB
* PDE graph during validation: 7843.447808 MB
== WALL TIME ==
* Total: 32347.691898345947
* Prep inputs: 104.85463309288025
* Forward: 103.64021706581116
* Losses: 14228.734282493591
* Backprop: 17910.462765693665
* PDE function: 12844.126030683517
