Warning: 500 points required, but 529 points sampled.
Compiling model...
'compile' took 0.000458 s

Training model...

Step      Train loss              Test loss               Test metric
0         [7.82e-01, 1.06e-01]    [8.41e-01, 1.10e-01]    []  
1000      [5.99e-03, 7.36e-03]    [4.62e-03, 6.72e-03]    []  
2000      [3.73e-03, 2.84e-03]    [4.70e-03, 4.37e-03]    []  
3000      [3.25e-03, 3.07e-03]    [3.99e-03, 4.72e-03]    []  
4000      [2.86e-03, 2.67e-03]    [3.56e-03, 3.50e-03]    []  
5000      [4.18e-03, 2.51e-03]    [4.83e-03, 3.91e-03]    []  
6000      [2.53e-03, 1.77e-03]    [3.28e-03, 2.01e-03]    []  
7000      [2.10e-03, 1.51e-03]    [2.86e-03, 2.14e-03]    []  
8000      [2.06e-03, 1.29e-03]    [3.13e-03, 1.91e-03]    []  
9000      [1.43e-03, 9.23e-04]    [2.18e-03, 1.72e-03]    []  
10000     [1.97e-03, 1.32e-03]    [2.47e-03, 1.52e-03]    []  
11000     [1.73e-03, 8.78e-04]    [2.77e-03, 1.54e-03]    []  
12000     [1.49e-03, 9.34e-04]    [2.04e-03, 1.42e-03]    []  
13000     [1.77e-03, 1.34e-03]    [1.97e-03, 1.37e-03]    []  
14000     [1.13e-03, 6.33e-04]    [2.08e-03, 1.30e-03]    []  
15000     [1.53e-03, 8.34e-04]    [1.93e-03, 1.33e-03]    []  
16000     [1.35e-03, 9.46e-04]    [2.01e-03, 1.29e-03]    []  
17000     [1.35e-03, 1.04e-03]    [1.77e-03, 1.29e-03]    []  
18000     [1.52e-03, 8.37e-04]    [1.81e-03, 1.18e-03]    []  
19000     [9.77e-04, 6.35e-04]    [1.87e-03, 1.19e-03]    []  
20000     [1.36e-03, 8.75e-04]    [1.63e-03, 1.13e-03]    []  
21000     [1.35e-03, 8.27e-04]    [1.77e-03, 1.09e-03]    []  
22000     [9.36e-04, 5.68e-04]    [1.57e-03, 1.09e-03]    []  
23000     [1.36e-03, 8.97e-04]    [1.51e-03, 1.13e-03]    []  
24000     [8.20e-04, 4.87e-04]    [1.54e-03, 1.04e-03]    []  
25000     [9.26e-04, 5.07e-04]    [1.47e-03, 1.02e-03]    []  
26000     [8.23e-04, 4.31e-04]    [1.43e-03, 9.77e-04]    []  
27000     [9.71e-04, 6.00e-04]    [1.43e-03, 9.37e-04]    []  
28000     [1.16e-03, 4.98e-04]    [1.59e-03, 8.28e-04]    []  
29000     [6.80e-04, 3.43e-04]    [1.40e-03, 9.33e-04]    []  
30000     [8.69e-04, 5.57e-04]    [1.39e-03, 8.84e-04]    []  
31000     [1.09e-03, 7.60e-04]    [1.35e-03, 8.72e-04]    []  
32000     [6.28e-04, 3.23e-04]    [1.50e-03, 8.37e-04]    []  
33000     [8.36e-04, 5.93e-04]    [1.35e-03, 8.96e-04]    []  
34000     [4.78e-04, 2.15e-04]    [1.42e-03, 8.11e-04]    []  
35000     [1.06e-03, 7.26e-04]    [1.46e-03, 8.00e-04]    []  
36000     [6.95e-04, 3.58e-04]    [1.29e-03, 8.49e-04]    []  
37000     [7.27e-04, 3.74e-04]    [1.41e-03, 7.75e-04]    []  
38000     [5.99e-04, 3.23e-04]    [1.43e-03, 8.03e-04]    []  
39000     [8.91e-04, 6.85e-04]    [1.36e-03, 8.17e-04]    []  
40000     [8.79e-04, 3.70e-04]    [1.56e-03, 7.28e-04]    []  
41000     [8.07e-04, 4.44e-04]    [1.39e-03, 7.94e-04]    []  
42000     [9.41e-04, 5.32e-04]    [1.49e-03, 7.60e-04]    []  
43000     [7.93e-04, 4.16e-04]    [1.42e-03, 7.65e-04]    []  
44000     [8.67e-04, 5.71e-04]    [1.64e-03, 7.97e-04]    []  
45000     [5.79e-04, 2.49e-04]    [1.46e-03, 7.71e-04]    []  
46000     [7.76e-04, 4.12e-04]    [1.37e-03, 7.63e-04]    []  
47000     [5.81e-04, 2.95e-04]    [1.45e-03, 7.80e-04]    []  
48000     [8.39e-04, 4.14e-04]    [1.41e-03, 7.39e-04]    []  
49000     [7.87e-04, 5.29e-04]    [1.41e-03, 7.42e-04]    []  
50000     [7.77e-04, 4.16e-04]    [1.37e-03, 7.37e-04]    []  
51000     [5.13e-04, 2.29e-04]    [1.54e-03, 7.00e-04]    []  
52000     [1.09e-03, 7.97e-04]    [1.44e-03, 7.34e-04]    []  
53000     [8.30e-04, 6.08e-04]    [1.43e-03, 7.36e-04]    []  
54000     [7.52e-04, 4.57e-04]    [1.46e-03, 7.66e-04]    []  
55000     [6.56e-04, 3.98e-04]    [1.38e-03, 7.16e-04]    []  
56000     [3.48e-04, 1.27e-04]    [1.45e-03, 7.09e-04]    []  
57000     [8.07e-04, 4.29e-04]    [1.46e-03, 7.27e-04]    []  
58000     [8.87e-04, 4.04e-04]    [1.54e-03, 7.15e-04]    []  
59000     [8.06e-04, 4.45e-04]    [1.50e-03, 7.41e-04]    []  
60000     [9.27e-04, 5.73e-04]    [1.48e-03, 7.01e-04]    []  
61000     [8.70e-04, 4.66e-04]    [1.49e-03, 6.74e-04]    []  
62000     [4.44e-04, 1.91e-04]    [1.65e-03, 6.68e-04]    []  
63000     [4.98e-04, 2.59e-04]    [1.56e-03, 6.90e-04]    []  
64000     [6.87e-04, 4.24e-04]    [1.58e-03, 7.10e-04]    []  
65000     [5.90e-04, 2.55e-04]    [1.53e-03, 7.04e-04]    []  
66000     [4.46e-04, 2.03e-04]    [1.71e-03, 7.07e-04]    []  
67000     [6.37e-04, 3.22e-04]    [1.64e-03, 6.52e-04]    []  
68000     [9.17e-04, 5.12e-04]    [1.61e-03, 6.80e-04]    []  
69000     [4.76e-04, 2.20e-04]    [1.64e-03, 6.84e-04]    []  
70000     [6.00e-04, 3.22e-04]    [1.63e-03, 6.79e-04]    []  
71000     [7.07e-04, 3.39e-04]    [1.75e-03, 6.51e-04]    []  
72000     [7.20e-04, 5.17e-04]    [1.75e-03, 6.55e-04]    []  
73000     [6.56e-04, 2.94e-04]    [1.67e-03, 6.65e-04]    []  
74000     [9.57e-04, 5.01e-04]    [1.70e-03, 7.10e-04]    []  
75000     [4.67e-04, 2.00e-04]    [1.73e-03, 6.55e-04]    []  
76000     [3.42e-04, 1.45e-04]    [1.66e-03, 6.63e-04]    []  
77000     [5.96e-04, 2.26e-04]    [1.78e-03, 6.62e-04]    []  
78000     [9.56e-04, 6.30e-04]    [1.75e-03, 6.33e-04]    []  
79000     [6.31e-04, 3.58e-04]    [1.78e-03, 6.29e-04]    []  
80000     [6.23e-04, 3.62e-04]    [1.73e-03, 6.25e-04]    []  
81000     [4.49e-04, 2.08e-04]    [1.70e-03, 6.57e-04]    []  
82000     [4.66e-04, 2.62e-04]    [1.75e-03, 6.36e-04]    []  
83000     [5.77e-04, 2.70e-04]    [1.84e-03, 6.27e-04]    []  
84000     [7.87e-04, 4.68e-04]    [1.78e-03, 6.49e-04]    []  
85000     [6.07e-04, 3.10e-04]    [1.82e-03, 6.33e-04]    []  
86000     [5.00e-04, 2.23e-04]    [1.79e-03, 6.51e-04]    []  
87000     [4.27e-04, 1.74e-04]    [1.87e-03, 6.32e-04]    []  
88000     [5.40e-04, 2.07e-04]    [1.80e-03, 6.32e-04]    []  
89000     [6.13e-04, 2.60e-04]    [1.87e-03, 6.25e-04]    []  
90000     [5.52e-04, 3.57e-04]    [1.81e-03, 6.11e-04]    []  
91000     [5.21e-04, 2.42e-04]    [1.89e-03, 6.11e-04]    []  
92000     [4.73e-04, 2.93e-04]    [1.81e-03, 5.88e-04]    []  
93000     [6.24e-04, 3.31e-04]    [1.81e-03, 6.19e-04]    []  
94000     [5.41e-04, 3.03e-04]    [1.84e-03, 6.08e-04]    []  
95000     [3.50e-04, 1.50e-04]    [1.79e-03, 5.97e-04]    []  
96000     [5.39e-04, 2.49e-04]    [1.78e-03, 6.05e-04]    []  
97000     [4.51e-04, 2.07e-04]    [1.81e-03, 5.93e-04]    []  
98000     [5.95e-04, 3.30e-04]    [1.82e-03, 5.90e-04]    []  
99000     [5.06e-04, 1.99e-04]    [1.84e-03, 5.98e-04]    []  
100000    [4.46e-04, 2.01e-04]    [1.84e-03, 6.12e-04]    []  

Best model at step 56000:
  train loss: 4.76e-04
  test loss: 2.16e-03
  test metric: []

'train' took 1695.474899 s

argv: main.py --ZCS --seed 4
== ERRORS ==
* Relative data error: 0.07463075965642929
* Absolute PDE error: 0.0005476090591400862
== GPU MEMORY ==
* Peak during training: 357.697536 MB
* PDE graph during validation: 199.442944 MB
== WALL TIME ==
* Total: 1649.6103746891022
* Prep inputs: 119.25950312614441
* Forward: 92.12555599212646
* Losses: 756.7246489524841
* Backprop: 681.5006666183472
* PDE function: 718.9339113235474
