Warning: 500 points required, but 529 points sampled.
Compiling model...
'compile' took 0.000451 s

Training model...

Step      Train loss              Test loss               Test metric
0         [5.18e+00, 1.27e-01]    [8.12e+00, 1.55e-01]    []  
1000      [3.44e-03, 4.58e-03]    [5.92e-03, 9.72e-03]    []  
2000      [4.40e-03, 6.09e-03]    [4.69e-03, 7.46e-03]    []  
3000      [4.34e-03, 5.04e-03]    [4.10e-03, 6.30e-03]    []  
4000      [3.35e-03, 3.70e-03]    [3.85e-03, 5.76e-03]    []  
5000      [3.94e-03, 5.41e-03]    [4.18e-03, 5.99e-03]    []  
6000      [2.98e-03, 3.22e-03]    [3.52e-03, 4.61e-03]    []  
7000      [3.60e-03, 2.09e-03]    [4.52e-03, 2.55e-03]    []  
8000      [3.81e-03, 3.69e-03]    [3.51e-03, 2.72e-03]    []  
9000      [2.78e-03, 1.81e-03]    [3.38e-03, 2.49e-03]    []  
10000     [2.28e-03, 1.99e-03]    [2.94e-03, 2.13e-03]    []  
11000     [2.17e-03, 1.08e-03]    [3.22e-03, 2.01e-03]    []  
12000     [3.05e-03, 3.03e-03]    [2.60e-03, 2.03e-03]    []  
13000     [1.73e-03, 1.16e-03]    [2.42e-03, 2.32e-03]    []  
14000     [2.14e-03, 1.45e-03]    [2.51e-03, 1.92e-03]    []  
15000     [2.04e-03, 1.81e-03]    [2.10e-03, 1.93e-03]    []  
16000     [2.34e-03, 1.61e-03]    [2.59e-03, 1.52e-03]    []  
17000     [1.32e-03, 8.30e-04]    [2.06e-03, 1.53e-03]    []  
18000     [1.64e-03, 1.27e-03]    [1.94e-03, 1.55e-03]    []  
19000     [1.64e-03, 1.07e-03]    [2.12e-03, 1.30e-03]    []  
20000     [2.00e-03, 1.03e-03]    [3.14e-03, 1.51e-03]    []  
21000     [1.14e-03, 5.86e-04]    [2.04e-03, 1.33e-03]    []  
22000     [1.32e-03, 8.13e-04]    [1.97e-03, 1.24e-03]    []  
23000     [1.70e-03, 8.67e-04]    [2.69e-03, 1.20e-03]    []  
24000     [1.24e-03, 6.83e-04]    [1.82e-03, 1.07e-03]    []  
25000     [9.76e-04, 4.23e-04]    [1.88e-03, 1.15e-03]    []  
26000     [1.27e-03, 8.19e-04]    [1.64e-03, 1.13e-03]    []  
27000     [1.95e-03, 1.24e-03]    [1.92e-03, 1.38e-03]    []  
28000     [1.63e-03, 1.46e-03]    [1.78e-03, 9.48e-04]    []  
29000     [1.84e-03, 1.65e-03]    [1.48e-03, 1.03e-03]    []  
30000     [9.55e-04, 6.23e-04]    [1.60e-03, 9.89e-04]    []  
31000     [1.70e-03, 1.34e-03]    [1.52e-03, 1.03e-03]    []  
32000     [9.95e-04, 6.83e-04]    [1.54e-03, 9.68e-04]    []  
33000     [9.50e-04, 7.90e-04]    [1.43e-03, 1.02e-03]    []  
34000     [8.65e-04, 4.20e-04]    [1.40e-03, 8.88e-04]    []  
35000     [1.19e-03, 6.88e-04]    [1.60e-03, 1.02e-03]    []  
36000     [1.63e-03, 1.28e-03]    [1.44e-03, 8.52e-04]    []  
37000     [7.06e-04, 3.65e-04]    [1.42e-03, 9.18e-04]    []  
38000     [6.07e-04, 2.48e-04]    [1.39e-03, 8.37e-04]    []  
39000     [1.11e-03, 6.50e-04]    [1.39e-03, 7.91e-04]    []  
40000     [6.66e-04, 3.74e-04]    [1.24e-03, 8.73e-04]    []  
41000     [8.37e-04, 4.39e-04]    [1.28e-03, 7.64e-04]    []  
42000     [5.38e-04, 1.90e-04]    [1.35e-03, 8.27e-04]    []  
43000     [9.88e-04, 5.54e-04]    [1.68e-03, 8.61e-04]    []  
44000     [9.86e-04, 8.39e-04]    [1.28e-03, 7.65e-04]    []  
45000     [7.91e-04, 6.63e-04]    [1.36e-03, 6.72e-04]    []  
46000     [1.22e-03, 8.32e-04]    [1.26e-03, 8.19e-04]    []  
47000     [1.46e-03, 1.31e-03]    [1.26e-03, 8.87e-04]    []  
48000     [8.09e-04, 4.30e-04]    [1.18e-03, 7.03e-04]    []  
49000     [6.26e-04, 4.78e-04]    [1.20e-03, 7.27e-04]    []  
50000     [6.67e-04, 3.48e-04]    [1.18e-03, 7.51e-04]    []  
51000     [1.05e-03, 7.34e-04]    [1.22e-03, 7.22e-04]    []  
52000     [8.72e-04, 4.29e-04]    [1.41e-03, 6.85e-04]    []  
53000     [8.97e-04, 6.31e-04]    [1.09e-03, 7.64e-04]    []  
54000     [1.25e-03, 9.70e-04]    [1.21e-03, 6.57e-04]    []  
55000     [7.57e-04, 3.09e-04]    [1.24e-03, 6.98e-04]    []  
56000     [5.98e-04, 3.69e-04]    [1.06e-03, 6.54e-04]    []  
57000     [8.90e-04, 6.32e-04]    [1.21e-03, 7.31e-04]    []  
58000     [1.41e-03, 8.66e-04]    [1.35e-03, 7.20e-04]    []  
59000     [1.03e-03, 6.22e-04]    [1.14e-03, 6.08e-04]    []  
60000     [7.02e-04, 4.24e-04]    [1.25e-03, 6.19e-04]    []  
61000     [1.02e-03, 5.75e-04]    [1.19e-03, 6.50e-04]    []  
62000     [1.03e-03, 9.23e-04]    [1.10e-03, 6.25e-04]    []  
63000     [9.32e-04, 6.68e-04]    [1.14e-03, 6.10e-04]    []  
64000     [2.99e-03, 1.15e-03]    [3.15e-03, 9.80e-04]    []  
65000     [8.20e-04, 4.88e-04]    [1.06e-03, 6.18e-04]    []  
66000     [8.69e-04, 5.88e-04]    [1.11e-03, 6.19e-04]    []  
67000     [5.87e-04, 4.31e-04]    [1.22e-03, 6.50e-04]    []  
68000     [6.31e-04, 4.00e-04]    [1.09e-03, 5.55e-04]    []  
69000     [1.19e-03, 7.81e-04]    [1.32e-03, 5.35e-04]    []  
70000     [8.17e-04, 4.29e-04]    [1.09e-03, 5.35e-04]    []  
71000     [8.52e-04, 3.72e-04]    [1.07e-03, 5.58e-04]    []  
72000     [9.70e-04, 6.60e-04]    [1.06e-03, 5.50e-04]    []  
73000     [5.44e-04, 2.00e-04]    [1.06e-03, 5.56e-04]    []  
74000     [7.22e-04, 2.94e-04]    [1.21e-03, 6.06e-04]    []  
75000     [7.24e-04, 4.67e-04]    [1.03e-03, 5.66e-04]    []  
76000     [6.38e-04, 2.48e-04]    [1.01e-03, 5.46e-04]    []  
77000     [1.08e-03, 6.53e-04]    [1.18e-03, 5.59e-04]    []  
78000     [6.85e-04, 3.97e-04]    [1.04e-03, 5.30e-04]    []  
79000     [8.32e-04, 5.40e-04]    [1.08e-03, 5.30e-04]    []  
80000     [5.28e-04, 2.28e-04]    [1.02e-03, 5.37e-04]    []  
81000     [4.90e-04, 2.55e-04]    [1.06e-03, 5.12e-04]    []  
82000     [9.38e-04, 5.60e-04]    [1.00e-03, 5.20e-04]    []  
83000     [5.89e-04, 2.15e-04]    [1.06e-03, 5.10e-04]    []  
84000     [7.95e-04, 4.81e-04]    [1.08e-03, 5.01e-04]    []  
85000     [9.52e-04, 5.17e-04]    [9.93e-04, 5.28e-04]    []  
86000     [8.39e-04, 5.91e-04]    [1.08e-03, 5.36e-04]    []  
87000     [6.55e-04, 4.70e-04]    [9.84e-04, 5.16e-04]    []  
88000     [3.80e-04, 1.62e-04]    [1.03e-03, 5.00e-04]    []  
89000     [9.94e-04, 5.54e-04]    [1.01e-03, 4.96e-04]    []  
90000     [6.65e-04, 3.02e-04]    [1.39e-03, 4.92e-04]    []  
91000     [8.75e-04, 5.46e-04]    [1.05e-03, 5.15e-04]    []  
92000     [6.07e-04, 2.11e-04]    [1.02e-03, 5.08e-04]    []  
93000     [7.23e-04, 3.83e-04]    [1.08e-03, 4.76e-04]    []  
94000     [9.41e-04, 5.70e-04]    [9.50e-04, 5.19e-04]    []  
95000     [5.57e-04, 2.03e-04]    [1.08e-03, 4.80e-04]    []  
96000     [6.32e-04, 2.94e-04]    [1.20e-03, 4.99e-04]    []  
97000     [5.09e-04, 3.77e-04]    [9.64e-04, 4.94e-04]    []  
98000     [6.69e-04, 3.31e-04]    [9.97e-04, 4.99e-04]    []  
99000     [6.14e-04, 5.17e-04]    [9.77e-04, 4.80e-04]    []  
100000    [4.88e-04, 3.37e-04]    [9.80e-04, 4.77e-04]    []  

Best model at step 88000:
  train loss: 5.42e-04
  test loss: 1.53e-03
  test metric: []

'train' took 1580.475266 s

argv: main.py --ZCS --seed 5
== ERRORS ==
* Relative data error: 0.07026094943284988
* Absolute PDE error: 0.0005995208048261702
== GPU MEMORY ==
* Peak during training: 357.697536 MB
* PDE graph during validation: 199.442944 MB
== WALL TIME ==
* Total: 1534.5028352737427
* Prep inputs: 119.2017149925232
* Forward: 92.46578598022461
* Losses: 696.2057178020477
* Backprop: 626.6296164989471
* PDE function: 658.4086380004883
