Warning: 500 points required, but 529 points sampled.
Compiling model...
'compile' took 0.000465 s

Training model...

Step      Train loss              Test loss               Test metric
0         [3.89e-01, 1.01e-01]    [4.91e-01, 1.06e-01]    []  
1000      [5.14e-03, 4.69e-03]    [6.28e-03, 7.45e-03]    []  
2000      [4.90e-03, 5.09e-03]    [5.17e-03, 5.45e-03]    []  
3000      [3.57e-03, 3.32e-03]    [4.24e-03, 4.42e-03]    []  
4000      [5.16e-03, 4.09e-03]    [4.74e-03, 3.65e-03]    []  
5000      [2.28e-03, 2.10e-03]    [2.91e-03, 2.72e-03]    []  
6000      [3.15e-03, 2.68e-03]    [2.70e-03, 2.38e-03]    []  
7000      [2.84e-03, 1.92e-03]    [2.73e-03, 2.27e-03]    []  
8000      [2.12e-03, 1.66e-03]    [2.69e-03, 2.35e-03]    []  
9000      [2.93e-03, 2.47e-03]    [2.34e-03, 2.09e-03]    []  
10000     [2.36e-03, 1.88e-03]    [2.15e-03, 1.69e-03]    []  
11000     [1.37e-03, 6.54e-04]    [2.26e-03, 1.58e-03]    []  
12000     [1.70e-03, 1.35e-03]    [2.04e-03, 1.34e-03]    []  
13000     [1.93e-03, 1.38e-03]    [2.01e-03, 1.46e-03]    []  
14000     [2.10e-03, 1.48e-03]    [1.94e-03, 1.46e-03]    []  
15000     [1.19e-03, 8.84e-04]    [1.68e-03, 1.38e-03]    []  
16000     [1.31e-03, 7.10e-04]    [1.92e-03, 1.02e-03]    []  
17000     [1.07e-03, 6.20e-04]    [1.68e-03, 1.08e-03]    []  
18000     [1.33e-03, 7.66e-04]    [1.74e-03, 1.02e-03]    []  
19000     [1.32e-03, 8.72e-04]    [1.64e-03, 1.11e-03]    []  
20000     [9.20e-04, 6.89e-04]    [1.55e-03, 1.01e-03]    []  
21000     [1.98e-03, 1.32e-03]    [1.86e-03, 9.61e-04]    []  
22000     [1.19e-03, 8.93e-04]    [1.52e-03, 9.68e-04]    []  
23000     [8.52e-04, 5.25e-04]    [1.67e-03, 9.59e-04]    []  
24000     [1.13e-03, 8.23e-04]    [1.43e-03, 9.00e-04]    []  
25000     [9.19e-04, 4.07e-04]    [1.70e-03, 9.52e-04]    []  
26000     [1.29e-03, 8.82e-04]    [1.31e-03, 8.14e-04]    []  
27000     [8.38e-04, 4.01e-04]    [1.42e-03, 8.24e-04]    []  
28000     [1.28e-03, 6.93e-04]    [1.31e-03, 8.02e-04]    []  
29000     [7.71e-04, 3.91e-04]    [1.32e-03, 7.75e-04]    []  
30000     [8.76e-04, 3.99e-04]    [1.34e-03, 8.03e-04]    []  
31000     [9.41e-04, 5.51e-04]    [1.19e-03, 7.97e-04]    []  
32000     [5.62e-04, 2.68e-04]    [1.27e-03, 7.37e-04]    []  
33000     [9.48e-04, 5.37e-04]    [1.18e-03, 7.45e-04]    []  
34000     [7.50e-04, 3.55e-04]    [1.25e-03, 8.50e-04]    []  
35000     [6.80e-04, 4.72e-04]    [1.10e-03, 7.00e-04]    []  
36000     [7.66e-04, 3.80e-04]    [1.01e-03, 6.92e-04]    []  
37000     [1.07e-03, 6.17e-04]    [1.08e-03, 7.01e-04]    []  
38000     [7.39e-04, 3.36e-04]    [1.07e-03, 6.58e-04]    []  
39000     [9.65e-04, 6.25e-04]    [1.05e-03, 6.70e-04]    []  
40000     [6.73e-04, 3.08e-04]    [1.04e-03, 6.41e-04]    []  
41000     [5.50e-04, 2.42e-04]    [1.00e-03, 6.09e-04]    []  
42000     [7.75e-04, 3.59e-04]    [9.93e-04, 5.97e-04]    []  
43000     [4.02e-04, 1.66e-04]    [1.06e-03, 5.75e-04]    []  
44000     [7.81e-04, 4.87e-04]    [9.73e-04, 5.63e-04]    []  
45000     [7.60e-04, 4.59e-04]    [8.98e-04, 6.34e-04]    []  
46000     [6.17e-04, 3.45e-04]    [9.68e-04, 6.49e-04]    []  
47000     [5.56e-04, 3.95e-04]    [9.43e-04, 5.72e-04]    []  
48000     [5.37e-04, 2.03e-04]    [1.05e-03, 5.81e-04]    []  
49000     [8.83e-04, 5.57e-04]    [8.98e-04, 5.66e-04]    []  
50000     [6.54e-04, 3.75e-04]    [9.57e-04, 5.62e-04]    []  
51000     [8.66e-04, 6.58e-04]    [8.90e-04, 5.35e-04]    []  
52000     [4.72e-04, 1.96e-04]    [9.25e-04, 5.12e-04]    []  
53000     [6.31e-04, 2.89e-04]    [9.94e-04, 5.16e-04]    []  
54000     [5.68e-04, 3.90e-04]    [9.19e-04, 5.34e-04]    []  
55000     [6.97e-04, 4.17e-04]    [8.89e-04, 5.07e-04]    []  
56000     [5.90e-04, 3.22e-04]    [8.89e-04, 5.09e-04]    []  
57000     [6.99e-04, 4.61e-04]    [8.67e-04, 5.09e-04]    []  
58000     [5.54e-04, 2.28e-04]    [9.11e-04, 4.68e-04]    []  
59000     [5.14e-04, 2.66e-04]    [8.61e-04, 4.83e-04]    []  
60000     [5.15e-04, 2.99e-04]    [8.92e-04, 5.10e-04]    []  
61000     [6.89e-04, 5.23e-04]    [8.14e-04, 4.77e-04]    []  
62000     [4.79e-04, 2.57e-04]    [8.53e-04, 4.33e-04]    []  
63000     [7.22e-04, 3.95e-04]    [8.34e-04, 4.84e-04]    []  
64000     [5.04e-04, 2.29e-04]    [7.88e-04, 4.66e-04]    []  
65000     [5.42e-04, 2.65e-04]    [7.64e-04, 4.72e-04]    []  
66000     [4.86e-04, 2.36e-04]    [7.95e-04, 4.33e-04]    []  
67000     [7.07e-04, 3.23e-04]    [9.88e-04, 4.84e-04]    []  
68000     [3.91e-04, 1.70e-04]    [9.71e-04, 4.22e-04]    []  
69000     [3.13e-04, 1.10e-04]    [8.69e-04, 4.27e-04]    []  
70000     [7.83e-04, 5.11e-04]    [7.81e-04, 4.24e-04]    []  
71000     [6.91e-04, 5.26e-04]    [8.23e-04, 4.06e-04]    []  
72000     [5.56e-04, 1.54e-04]    [8.64e-04, 4.26e-04]    []  
73000     [9.51e-04, 6.24e-04]    [1.07e-03, 4.07e-04]    []  
74000     [4.66e-04, 2.23e-04]    [8.18e-04, 3.99e-04]    []  
75000     [6.06e-04, 3.74e-04]    [7.95e-04, 4.21e-04]    []  
76000     [7.66e-04, 4.87e-04]    [7.75e-04, 4.02e-04]    []  
77000     [3.83e-04, 1.88e-04]    [7.43e-04, 4.01e-04]    []  
78000     [5.96e-04, 2.77e-04]    [8.71e-04, 3.96e-04]    []  
79000     [5.06e-04, 1.61e-04]    [1.00e-03, 4.32e-04]    []  
80000     [4.23e-04, 2.44e-04]    [8.09e-04, 3.96e-04]    []  
81000     [5.47e-04, 2.28e-04]    [7.93e-04, 4.07e-04]    []  
82000     [6.63e-04, 3.68e-04]    [7.56e-04, 3.96e-04]    []  
83000     [4.39e-04, 2.21e-04]    [7.84e-04, 3.83e-04]    []  
84000     [4.27e-04, 1.89e-04]    [7.90e-04, 4.05e-04]    []  
85000     [6.09e-04, 3.10e-04]    [7.64e-04, 4.01e-04]    []  
86000     [5.83e-04, 2.93e-04]    [7.70e-04, 3.84e-04]    []  
87000     [4.26e-04, 1.69e-04]    [7.98e-04, 3.94e-04]    []  
88000     [5.45e-04, 2.60e-04]    [7.84e-04, 3.84e-04]    []  
89000     [4.97e-04, 3.39e-04]    [7.90e-04, 3.68e-04]    []  
90000     [6.01e-04, 3.02e-04]    [7.59e-04, 3.77e-04]    []  
91000     [4.59e-04, 2.84e-04]    [8.59e-04, 3.77e-04]    []  
92000     [3.63e-04, 1.38e-04]    [8.17e-04, 3.84e-04]    []  
93000     [5.44e-04, 2.91e-04]    [8.25e-04, 3.63e-04]    []  
94000     [6.73e-04, 4.85e-04]    [7.39e-04, 3.82e-04]    []  
95000     [3.58e-04, 1.57e-04]    [7.73e-04, 3.62e-04]    []  
96000     [3.57e-04, 1.29e-04]    [7.76e-04, 3.65e-04]    []  
97000     [5.05e-04, 2.05e-04]    [8.04e-04, 3.73e-04]    []  
98000     [2.85e-04, 1.52e-04]    [7.82e-04, 3.57e-04]    []  
99000     [6.78e-04, 3.60e-04]    [8.17e-04, 3.56e-04]    []  
100000    [4.42e-04, 2.06e-04]    [7.92e-04, 3.67e-04]    []  

Best model at step 69000:
  train loss: 4.23e-04
  test loss: 1.30e-03
  test metric: []

'train' took 1648.142036 s

argv: main.py --ZCS --seed 3
== ERRORS ==
* Relative data error: 0.06221088394522667
* Absolute PDE error: 0.0004134814371354878
== GPU MEMORY ==
* Peak during training: 357.697536 MB
* PDE graph during validation: 199.442944 MB
== WALL TIME ==
* Total: 1601.5578844547272
* Prep inputs: 119.63995814323425
* Forward: 94.19334316253662
* Losses: 728.9341397285461
* Backprop: 658.7904434204102
* PDE function: 690.5590691566467
