Warning: 500 points required, but 529 points sampled.
Compiling model...
'compile' took 0.000455 s

Training model...

Step      Train loss              Test loss               Test metric
0         [1.30e+00, 1.82e-01]    [1.68e+00, 2.33e-01]    []  
1000      [4.41e-03, 6.66e-03]    [6.11e-03, 9.16e-03]    []  
2000      [4.43e-03, 4.77e-03]    [5.99e-03, 6.59e-03]    []  
3000      [5.15e-03, 5.00e-03]    [5.66e-03, 6.00e-03]    []  
4000      [5.07e-03, 4.40e-03]    [6.15e-03, 5.84e-03]    []  
5000      [3.57e-03, 3.51e-03]    [4.35e-03, 4.89e-03]    []  
6000      [3.44e-03, 2.62e-03]    [4.04e-03, 3.61e-03]    []  
7000      [3.72e-03, 3.38e-03]    [3.51e-03, 2.96e-03]    []  
8000      [2.53e-03, 2.21e-03]    [3.30e-03, 2.32e-03]    []  
9000      [1.86e-03, 1.22e-03]    [3.45e-03, 2.22e-03]    []  
10000     [1.76e-03, 1.26e-03]    [3.14e-03, 2.60e-03]    []  
11000     [1.89e-03, 1.41e-03]    [2.89e-03, 2.56e-03]    []  
12000     [1.48e-03, 7.77e-04]    [3.45e-03, 1.84e-03]    []  
13000     [2.11e-03, 1.23e-03]    [3.02e-03, 1.86e-03]    []  
14000     [1.72e-03, 1.33e-03]    [2.55e-03, 1.71e-03]    []  
15000     [2.01e-03, 1.37e-03]    [3.15e-03, 1.74e-03]    []  
16000     [1.98e-03, 1.15e-03]    [3.40e-03, 1.80e-03]    []  
17000     [2.11e-03, 1.55e-03]    [2.92e-03, 1.88e-03]    []  
18000     [1.20e-03, 9.21e-04]    [2.04e-03, 1.42e-03]    []  
19000     [1.26e-03, 1.09e-03]    [1.94e-03, 1.71e-03]    []  
20000     [1.28e-03, 6.89e-04]    [2.20e-03, 1.29e-03]    []  
21000     [1.46e-03, 9.33e-04]    [2.11e-03, 1.43e-03]    []  
22000     [1.85e-03, 1.65e-03]    [1.85e-03, 1.25e-03]    []  
23000     [9.43e-04, 6.23e-04]    [1.82e-03, 1.24e-03]    []  
24000     [1.14e-03, 4.75e-04]    [2.37e-03, 1.06e-03]    []  
25000     [8.57e-04, 3.98e-04]    [2.22e-03, 9.46e-04]    []  
26000     [9.75e-04, 7.58e-04]    [1.85e-03, 1.15e-03]    []  
27000     [1.27e-03, 1.04e-03]    [1.72e-03, 1.00e-03]    []  
28000     [1.04e-03, 4.93e-04]    [1.72e-03, 1.10e-03]    []  
29000     [1.19e-03, 7.68e-04]    [1.66e-03, 1.24e-03]    []  
30000     [8.32e-04, 4.93e-04]    [1.55e-03, 9.27e-04]    []  
31000     [7.35e-04, 2.94e-04]    [1.49e-03, 9.38e-04]    []  
32000     [8.64e-04, 5.45e-04]    [1.56e-03, 8.30e-04]    []  
33000     [1.35e-03, 9.30e-04]    [1.74e-03, 1.03e-03]    []  
34000     [6.36e-04, 3.93e-04]    [1.40e-03, 8.78e-04]    []  
35000     [5.40e-04, 2.53e-04]    [1.50e-03, 9.05e-04]    []  
36000     [1.08e-03, 5.65e-04]    [1.69e-03, 7.77e-04]    []  
37000     [9.63e-04, 6.94e-04]    [1.33e-03, 8.13e-04]    []  
38000     [1.08e-03, 7.74e-04]    [1.37e-03, 7.75e-04]    []  
39000     [8.79e-04, 5.41e-04]    [2.27e-03, 8.20e-04]    []  
40000     [5.99e-04, 2.13e-04]    [1.92e-03, 7.40e-04]    []  
41000     [9.56e-04, 5.01e-04]    [1.69e-03, 7.14e-04]    []  
42000     [8.36e-04, 6.12e-04]    [1.45e-03, 8.47e-04]    []  
43000     [7.65e-04, 4.11e-04]    [1.60e-03, 6.95e-04]    []  
44000     [7.89e-04, 5.34e-04]    [1.49e-03, 6.72e-04]    []  
45000     [8.21e-04, 4.31e-04]    [1.46e-03, 6.78e-04]    []  
46000     [7.27e-04, 3.28e-04]    [1.63e-03, 7.24e-04]    []  
47000     [7.55e-04, 4.38e-04]    [1.37e-03, 7.12e-04]    []  
48000     [8.02e-04, 4.83e-04]    [1.42e-03, 6.27e-04]    []  
49000     [7.80e-04, 4.11e-04]    [1.43e-03, 6.30e-04]    []  
50000     [6.53e-04, 4.10e-04]    [1.42e-03, 7.26e-04]    []  
51000     [5.23e-04, 2.15e-04]    [1.68e-03, 6.28e-04]    []  
52000     [7.95e-04, 5.37e-04]    [1.43e-03, 6.37e-04]    []  
53000     [7.50e-04, 4.86e-04]    [1.58e-03, 6.49e-04]    []  
54000     [6.12e-04, 3.85e-04]    [1.45e-03, 5.75e-04]    []  
55000     [7.28e-04, 3.68e-04]    [1.39e-03, 6.21e-04]    []  
56000     [7.74e-04, 5.09e-04]    [1.37e-03, 6.02e-04]    []  
57000     [8.44e-04, 6.58e-04]    [1.48e-03, 5.64e-04]    []  
58000     [4.56e-04, 1.83e-04]    [1.50e-03, 5.75e-04]    []  
59000     [7.66e-04, 4.76e-04]    [1.36e-03, 5.77e-04]    []  
60000     [4.98e-04, 1.97e-04]    [1.38e-03, 5.76e-04]    []  
61000     [5.46e-04, 2.48e-04]    [1.34e-03, 5.46e-04]    []  
62000     [9.63e-04, 8.11e-04]    [1.43e-03, 6.03e-04]    []  
63000     [5.48e-04, 2.90e-04]    [1.41e-03, 5.41e-04]    []  
64000     [8.22e-04, 3.97e-04]    [1.59e-03, 5.50e-04]    []  
65000     [6.25e-04, 3.70e-04]    [1.56e-03, 5.74e-04]    []  
66000     [5.01e-04, 2.27e-04]    [1.41e-03, 5.40e-04]    []  
67000     [9.77e-04, 6.34e-04]    [1.44e-03, 6.54e-04]    []  
68000     [6.22e-04, 2.78e-04]    [1.36e-03, 5.32e-04]    []  
69000     [5.32e-04, 2.58e-04]    [1.40e-03, 5.30e-04]    []  
70000     [4.42e-04, 1.45e-04]    [1.35e-03, 4.97e-04]    []  
71000     [7.11e-04, 4.49e-04]    [1.21e-03, 5.43e-04]    []  
72000     [3.92e-04, 1.61e-04]    [1.36e-03, 5.45e-04]    []  
73000     [5.05e-04, 2.46e-04]    [1.44e-03, 5.08e-04]    []  
74000     [3.63e-04, 1.43e-04]    [1.27e-03, 5.01e-04]    []  
75000     [4.53e-04, 2.04e-04]    [1.33e-03, 4.80e-04]    []  
76000     [5.86e-04, 3.03e-04]    [1.46e-03, 4.73e-04]    []  
77000     [5.67e-04, 2.35e-04]    [1.43e-03, 4.71e-04]    []  
78000     [8.64e-04, 5.51e-04]    [1.45e-03, 5.14e-04]    []  
79000     [5.54e-04, 3.34e-04]    [1.39e-03, 4.63e-04]    []  
80000     [8.60e-04, 8.03e-04]    [1.34e-03, 4.84e-04]    []  
81000     [4.38e-04, 2.01e-04]    [1.30e-03, 4.44e-04]    []  
82000     [4.32e-04, 2.19e-04]    [1.25e-03, 4.77e-04]    []  
83000     [5.60e-04, 3.32e-04]    [1.38e-03, 4.80e-04]    []  
84000     [5.50e-04, 3.19e-04]    [1.31e-03, 5.01e-04]    []  
85000     [5.88e-04, 3.22e-04]    [1.26e-03, 4.89e-04]    []  
86000     [4.65e-04, 2.33e-04]    [1.37e-03, 4.92e-04]    []  
87000     [4.90e-04, 1.84e-04]    [1.27e-03, 4.62e-04]    []  
88000     [4.62e-04, 2.05e-04]    [1.18e-03, 4.52e-04]    []  
89000     [5.38e-04, 2.28e-04]    [1.27e-03, 4.56e-04]    []  
90000     [7.07e-04, 4.94e-04]    [1.25e-03, 4.93e-04]    []  
91000     [5.62e-04, 2.59e-04]    [1.41e-03, 4.26e-04]    []  
92000     [5.14e-04, 2.08e-04]    [1.31e-03, 4.61e-04]    []  
93000     [6.31e-04, 3.31e-04]    [1.16e-03, 4.59e-04]    []  
94000     [4.14e-04, 1.76e-04]    [1.33e-03, 4.14e-04]    []  
95000     [4.13e-04, 1.66e-04]    [1.18e-03, 4.47e-04]    []  
96000     [3.55e-04, 1.22e-04]    [1.20e-03, 4.50e-04]    []  
97000     [5.00e-04, 2.82e-04]    [1.24e-03, 4.39e-04]    []  
98000     [5.24e-04, 2.13e-04]    [1.24e-03, 4.18e-04]    []  
99000     [5.13e-04, 3.00e-04]    [1.19e-03, 4.24e-04]    []  
100000    [5.37e-04, 2.25e-04]    [1.18e-03, 4.09e-04]    []  

Best model at step 96000:
  train loss: 4.78e-04
  test loss: 1.65e-03
  test metric: []

'train' took 60367.573388 s

argv: main.py --unaligned --seed 0
== ERRORS ==
* Relative data error: 0.07253927737474442
* Absolute PDE error: 0.0007828774396330118
== GPU MEMORY ==
* Peak during training: 11404.297216 MB
* PDE graph during validation: 7725.334528 MB
== WALL TIME ==
* Total: 22129.76710987091
* Prep inputs: 9588.015642642975
* Forward: 1859.8788294792175
* Losses: 2355.467046737671
* Backprop: 8326.405591011047
* PDE function: 2310.837128162384
