Warning: 500 points required, but 529 points sampled.
Compiling model...
'compile' took 0.428451 s

Training model...

Step      Train loss                                  Test loss                                   Test metric
0         [6.11e-02, 1.40e-01, 3.71e-02, 4.13e-02]    [5.83e-02, 1.64e-01, 2.49e-02, 4.04e-02]    []  
1000      [3.89e-04, 6.53e-04, 4.06e-03, 2.76e-03]    [2.86e-04, 9.08e-04, 3.21e-03, 2.70e-03]    []  
2000      [3.81e-04, 4.80e-04, 6.15e-04, 1.42e-03]    [2.63e-04, 8.19e-04, 3.18e-04, 1.38e-03]    []  
3000      [3.38e-04, 3.45e-04, 3.18e-04, 1.42e-03]    [2.10e-04, 5.82e-04, 1.88e-04, 1.42e-03]    []  
4000      [3.09e-04, 3.19e-04, 5.03e-04, 1.35e-03]    [1.74e-04, 4.72e-04, 2.56e-04, 1.31e-03]    []  
5000      [2.56e-04, 4.21e-04, 7.22e-04, 1.15e-03]    [1.30e-04, 4.58e-04, 2.94e-04, 1.19e-03]    []  
6000      [2.04e-04, 2.73e-04, 2.47e-04, 1.20e-03]    [1.01e-04, 3.21e-04, 1.68e-04, 1.26e-03]    []  
7000      [1.94e-04, 2.09e-04, 1.95e-04, 1.20e-03]    [8.86e-05, 2.19e-04, 1.32e-04, 1.24e-03]    []  
8000      [1.71e-04, 2.01e-04, 2.08e-04, 1.16e-03]    [8.41e-05, 2.16e-04, 1.34e-04, 1.19e-03]    []  
9000      [1.71e-04, 2.17e-04, 1.62e-04, 1.18e-03]    [8.07e-05, 2.07e-04, 9.66e-05, 1.16e-03]    []  
10000     [1.64e-04, 2.19e-04, 2.69e-04, 1.13e-03]    [8.32e-05, 1.99e-04, 1.21e-04, 1.08e-03]    []  
11000     [1.79e-04, 2.27e-04, 1.83e-04, 9.69e-04]    [8.21e-05, 1.95e-04, 1.09e-04, 9.95e-04]    []  
12000     [1.78e-04, 2.33e-04, 1.68e-04, 9.07e-04]    [8.58e-05, 2.00e-04, 8.02e-05, 9.08e-04]    []  
13000     [1.69e-04, 2.25e-04, 1.31e-04, 8.71e-04]    [8.98e-05, 1.92e-04, 6.01e-05, 8.57e-04]    []  
14000     [1.88e-04, 2.60e-04, 1.23e-04, 8.33e-04]    [9.17e-05, 2.56e-04, 4.77e-05, 8.44e-04]    []  
15000     [1.61e-04, 2.25e-04, 1.17e-04, 7.51e-04]    [9.06e-05, 1.62e-04, 5.52e-05, 7.98e-04]    []  
16000     [1.57e-04, 2.09e-04, 1.86e-04, 7.51e-04]    [8.91e-05, 1.40e-04, 9.72e-05, 7.43e-04]    []  
17000     [1.62e-04, 2.13e-04, 1.79e-04, 7.23e-04]    [8.94e-05, 1.27e-04, 1.07e-04, 7.31e-04]    []  
18000     [1.58e-04, 2.04e-04, 1.44e-04, 6.59e-04]    [8.60e-05, 1.13e-04, 8.52e-05, 6.72e-04]    []  
19000     [1.70e-04, 2.02e-04, 1.11e-04, 5.75e-04]    [8.33e-05, 1.00e-04, 6.94e-05, 6.08e-04]    []  
20000     [1.65e-04, 1.96e-04, 2.11e-04, 5.48e-04]    [8.15e-05, 9.74e-05, 1.30e-04, 5.54e-04]    []  
21000     [1.68e-04, 2.03e-04, 2.13e-04, 5.80e-04]    [7.68e-05, 1.01e-04, 1.29e-04, 5.56e-04]    []  
22000     [1.60e-04, 1.94e-04, 1.27e-04, 5.23e-04]    [7.10e-05, 1.02e-04, 7.97e-05, 5.19e-04]    []  
23000     [1.59e-04, 1.92e-04, 1.28e-04, 5.28e-04]    [6.81e-05, 1.03e-04, 9.08e-05, 4.93e-04]    []  
24000     [1.57e-04, 1.87e-04, 1.51e-04, 4.71e-04]    [7.18e-05, 1.03e-04, 1.11e-04, 4.68e-04]    []  
25000     [1.57e-04, 1.89e-04, 1.14e-04, 4.77e-04]    [6.46e-05, 1.04e-04, 7.80e-05, 4.79e-04]    []  
26000     [1.52e-04, 1.81e-04, 1.06e-04, 4.17e-04]    [6.28e-05, 1.05e-04, 8.24e-05, 4.60e-04]    []  
27000     [1.60e-04, 1.87e-04, 1.07e-04, 4.65e-04]    [6.28e-05, 1.05e-04, 6.83e-05, 4.39e-04]    []  
28000     [1.57e-04, 1.84e-04, 1.87e-04, 4.10e-04]    [6.30e-05, 1.08e-04, 1.48e-04, 4.19e-04]    []  
29000     [1.55e-04, 1.78e-04, 9.88e-05, 4.23e-04]    [6.27e-05, 1.01e-04, 6.55e-05, 4.15e-04]    []  
30000     [1.60e-04, 2.12e-04, 3.30e-04, 4.28e-04]    [5.91e-05, 1.39e-04, 2.31e-04, 4.01e-04]    []  
31000     [1.58e-04, 1.81e-04, 1.28e-04, 3.51e-04]    [6.07e-05, 1.00e-04, 7.40e-05, 3.82e-04]    []  
32000     [1.56e-04, 1.75e-04, 1.00e-04, 3.69e-04]    [5.78e-05, 9.56e-05, 5.62e-05, 3.70e-04]    []  
33000     [1.55e-04, 1.76e-04, 7.98e-05, 3.80e-04]    [5.66e-05, 9.32e-05, 3.96e-05, 3.70e-04]    []  
34000     [1.57e-04, 1.74e-04, 1.08e-04, 3.79e-04]    [5.17e-05, 8.87e-05, 5.61e-05, 3.81e-04]    []  
35000     [1.54e-04, 1.66e-04, 6.69e-05, 3.42e-04]    [5.45e-05, 8.28e-05, 3.43e-05, 3.52e-04]    []  
36000     [1.57e-04, 1.91e-04, 1.39e-04, 3.46e-04]    [6.24e-05, 9.75e-05, 9.27e-05, 3.41e-04]    []  
37000     [1.52e-04, 1.63e-04, 8.57e-05, 3.23e-04]    [5.43e-05, 7.98e-05, 5.37e-05, 3.31e-04]    []  
38000     [1.54e-04, 1.73e-04, 6.82e-05, 3.54e-04]    [5.34e-05, 8.07e-05, 3.21e-05, 3.34e-04]    []  
39000     [1.48e-04, 1.66e-04, 6.51e-05, 3.33e-04]    [5.28e-05, 7.69e-05, 3.65e-05, 3.29e-04]    []  
40000     [1.45e-04, 1.67e-04, 6.29e-05, 3.27e-04]    [4.91e-05, 7.92e-05, 3.42e-05, 3.22e-04]    []  
41000     [1.39e-04, 1.69e-04, 6.51e-05, 3.20e-04]    [5.02e-05, 7.58e-05, 3.48e-05, 3.15e-04]    []  
42000     [1.29e-04, 1.79e-04, 5.78e-05, 3.11e-04]    [4.67e-05, 8.71e-05, 3.14e-05, 3.10e-04]    []  
43000     [1.23e-04, 1.67e-04, 1.78e-04, 3.34e-04]    [5.28e-05, 7.99e-05, 1.34e-04, 3.17e-04]    []  
44000     [1.27e-04, 1.75e-04, 7.70e-05, 2.97e-04]    [4.57e-05, 8.47e-05, 4.93e-05, 2.96e-04]    []  
45000     [1.15e-04, 1.68e-04, 5.79e-05, 2.97e-04]    [4.61e-05, 8.42e-05, 3.54e-05, 2.96e-04]    []  
46000     [1.29e-04, 2.58e-04, 7.46e-05, 2.91e-04]    [6.99e-05, 1.60e-04, 4.79e-05, 2.88e-04]    []  
47000     [1.18e-04, 1.80e-04, 5.52e-05, 3.07e-04]    [4.59e-05, 8.68e-05, 3.18e-05, 2.94e-04]    []  
48000     [1.11e-04, 1.82e-04, 5.27e-05, 3.03e-04]    [4.64e-05, 8.98e-05, 3.05e-05, 2.89e-04]    []  
49000     [1.14e-04, 1.95e-04, 1.20e-04, 2.94e-04]    [5.62e-05, 1.00e-04, 8.94e-05, 2.84e-04]    []  
50000     [1.13e-04, 1.95e-04, 2.62e-04, 2.91e-04]    [4.31e-05, 1.14e-04, 1.68e-04, 2.77e-04]    []  

Best model at step 45000:
  train loss: 6.37e-04
  test loss: 4.62e-04
  test metric: []

'train' took 7512.335084 s

argv: main.py --ZCS --seed 0
== ERRORS ==
* Relative data error: 0.10508563561578067
== GPU MEMORY ==
* Peak during training: 3301.797888 MB
* PDE graph during validation: 1989.166592 MB
== WALL TIME ==
* Total: 7476.054476737976
* Prep inputs: 55.90327429771423
* Forward: 113.65318417549133
* Losses: 3973.010193824768
* Backprop: 3333.4878244400024
* PDE function: 3927.984167098999
